4111
4115
4118
4290
4300
4407
4528
4775
4777
4778
4779
4782
4783
4784
4785
4786
4789
4793
4795
4797
4884
4886
4887
4947
4975
4978
4990
4995
5063
5070
5074
5367
5490
5491
5493
5496
5497
5503
5506
5509
5511
5513
5517
5519
5520
5522
5712
5713
5715
5716
5717
5718
5719
5723
5726
5729
5730
5731
5733
5734
5735
5738
5782
5785
5788
5812
5962
5968
6085
6087
6089
6091
6092
6094
6095
6098
6099
6101
6102
6104
6107
6108
6359
6361
6362
6367
6576
6578
6579
6581
6582
6583
6584
6585
6587
6594
6598
6604
6605
6645
6735
6737
6738
6739
6912
6945
6968
7044
7047
7096
7100
7161
7162
7167
7169
7172
7285
7339
7342
7346
7347
7365
7376
7379
7381
7382
7383
7384
7526
7753
7755
7757
7760
7763
7767
7770
7771
7779
7781
7782
7790
7793
7796
7797
7801
7807
7810
